(kicad_pcb (version 20171130) (host pcbnew "(5.1.5)-3")

  (general
    (thickness 1.6)
    (drawings 5)
    (tracks 476)
    (zones 0)
    (modules 28)
    (nets 28)
  )

  (page A4)
  (layers
    (0 F.Cu signal)
    (31 B.Cu signal)
    (32 B.Adhes user)
    (33 F.Adhes user)
    (34 B.Paste user)
    (35 F.Paste user)
    (36 B.SilkS user)
    (37 F.SilkS user)
    (38 B.Mask user)
    (39 F.Mask user)
    (40 Dwgs.User user)
    (41 Cmts.User user)
    (42 Eco1.User user)
    (43 Eco2.User user)
    (44 Edge.Cuts user)
    (45 Margin user)
    (46 B.CrtYd user hide)
    (47 F.CrtYd user)
    (48 B.Fab user hide)
    (49 F.Fab user hide)
  )

  (setup
    (last_trace_width 0.25)
    (user_trace_width 0.7)
    (user_trace_width 1)
    (user_trace_width 2)
    (trace_clearance 0.15)
    (zone_clearance 0.508)
    (zone_45_only no)
    (trace_min 0.2)
    (via_size 0.8)
    (via_drill 0.4)
    (via_min_size 0.4)
    (via_min_drill 0.3)
    (user_via 1 0.6)
    (uvia_size 0.3)
    (uvia_drill 0.1)
    (uvias_allowed no)
    (uvia_min_size 0.2)
    (uvia_min_drill 0.1)
    (edge_width 0.1)
    (segment_width 0.2)
    (pcb_text_width 0.3)
    (pcb_text_size 1.5 1.5)
    (mod_edge_width 0.15)
    (mod_text_size 1 1)
    (mod_text_width 0.15)
    (pad_size 4.3 7.9)
    (pad_drill 0)
    (pad_to_mask_clearance 0)
    (aux_axis_origin 0 0)
    (visible_elements 7FFFFFFF)
    (pcbplotparams
      (layerselection 0x010fc_ffffffff)
      (usegerberextensions false)
      (usegerberattributes false)
      (usegerberadvancedattributes false)
      (creategerberjobfile false)
      (excludeedgelayer true)
      (linewidth 0.100000)
      (plotframeref false)
      (viasonmask false)
      (mode 1)
      (useauxorigin false)
      (hpglpennumber 1)
      (hpglpenspeed 20)
      (hpglpendiameter 15.000000)
      (psnegative false)
      (psa4output false)
      (plotreference true)
      (plotvalue true)
      (plotinvisibletext false)
      (padsonsilk false)
      (subtractmaskfromsilk false)
      (outputformat 1)
      (mirror false)
      (drillshape 1)
      (scaleselection 1)
      (outputdirectory ""))
  )

  (net 0 "")
  (net 1 GND)
  (net 2 +12V)
  (net 3 VOS)
  (net 4 SPI1_MOSI)
  (net 5 SPI1_MISO)
  (net 6 SPI1_SCK)
  (net 7 NSS4)
  (net 8 NSS3)
  (net 9 NSS2)
  (net 10 NSS1)
  (net 11 M1OUT2)
  (net 12 M2OUT2)
  (net 13 M3OUT2)
  (net 14 M1OUT1)
  (net 15 M2OUT1)
  (net 16 M3OUT1)
  (net 17 M4OUT1)
  (net 18 M4OUT2)
  (net 19 DIR4)
  (net 20 DIR3)
  (net 21 DIR2)
  (net 22 DIR1)
  (net 23 PWM4)
  (net 24 PWM3)
  (net 25 PWM2)
  (net 26 PWM1)
  (net 27 "Net-(J14-Pad5)")

  (net_class Default "This is the default net class."
    (clearance 0.15)
    (trace_width 0.25)
    (via_dia 0.8)
    (via_drill 0.4)
    (uvia_dia 0.3)
    (uvia_drill 0.1)
    (add_net +12V)
    (add_net DIR1)
    (add_net DIR2)
    (add_net DIR3)
    (add_net DIR4)
    (add_net GND)
    (add_net M1OUT1)
    (add_net M1OUT2)
    (add_net M2OUT1)
    (add_net M2OUT2)
    (add_net M3OUT1)
    (add_net M3OUT2)
    (add_net M4OUT1)
    (add_net M4OUT2)
    (add_net NSS1)
    (add_net NSS2)
    (add_net NSS3)
    (add_net NSS4)
    (add_net "Net-(J14-Pad5)")
    (add_net PWM1)
    (add_net PWM2)
    (add_net PWM3)
    (add_net PWM4)
    (add_net SPI1_MISO)
    (add_net SPI1_MOSI)
    (add_net SPI1_SCK)
    (add_net VOS)
  )

  (module PJ-082BH:CUI_PJ-082BH (layer F.Cu) (tedit 5E6A2F5A) (tstamp 5E65066B)
    (at 69.342 62.738 270)
    (path /5E68BD2A/5E661C20)
    (fp_text reference J12 (at -4.44099 -7.40666 90) (layer F.SilkS)
      (effects (font (size 1.00023 1.00023) (thickness 0.05)))
    )
    (fp_text value Barrel_Jack (at -3.63935 7.14351 90) (layer F.SilkS)
      (effects (font (size 1.00119 1.00119) (thickness 0.05)))
    )
    (fp_line (start -3.39 -5.25) (end -6.75 -5.25) (layer Eco1.User) (width 0.05))
    (fp_line (start -3.39 -5.92) (end -3.39 -5.25) (layer Eco1.User) (width 0.05))
    (fp_line (start 5.5 -5.92) (end -3.39 -5.92) (layer Eco1.User) (width 0.05))
    (fp_line (start 5.5 -5.25) (end 5.5 -5.92) (layer Eco1.User) (width 0.05))
    (fp_line (start 7.04 -5.15) (end 5.5 -5.25) (layer Eco1.User) (width 0.05))
    (fp_line (start 7.04 5.25) (end 7.04 -5.15) (layer Eco1.User) (width 0.05))
    (fp_line (start 5.5 5.25) (end 7.04 5.25) (layer Eco1.User) (width 0.05))
    (fp_line (start 5.5 5.92) (end 5.5 5.25) (layer Eco1.User) (width 0.05))
    (fp_line (start -3.39 5.92) (end 5.5 5.92) (layer Eco1.User) (width 0.05))
    (fp_line (start -3.39 5.25) (end -3.39 5.92) (layer Eco1.User) (width 0.05))
    (fp_line (start -6.75 5.25) (end -3.39 5.25) (layer Eco1.User) (width 0.05))
    (fp_line (start 6.5 1.35) (end 6.5 5) (layer F.SilkS) (width 0.127))
    (fp_line (start 6.5 -5) (end 6.5 -1.35) (layer F.SilkS) (width 0.127))
    (fp_line (start -6.5 -5) (end -3.66 -5) (layer F.SilkS) (width 0.127))
    (fp_line (start -6.5 5) (end -3.66 5) (layer F.SilkS) (width 0.127))
    (fp_line (start -6.5 -5) (end -6.5 5) (layer F.SilkS) (width 0.127))
    (fp_line (start -6.75 -5.25) (end -6.75 5.25) (layer Eco1.User) (width 0.05))
    (fp_line (start -6.5 5) (end 6.5 5) (layer Eco2.User) (width 0.127))
    (fp_line (start -6.5 -5) (end 6.5 -5) (layer Eco2.User) (width 0.127))
    (fp_line (start 6.5 -5) (end 6.5 5) (layer Eco2.User) (width 0.127))
    (fp_line (start -6.5 -5) (end -6.5 5) (layer Eco2.User) (width 0.127))
    (fp_circle (center 7.79 -0.27) (end 7.99 -0.27) (layer F.SilkS) (width 0.4))
    (pad Hole thru_hole circle (at -3.75 0) (size 1.6 1.6) (drill 1.6) (layers *.Cu *.Mask))
    (pad 6 thru_hole oval (at 3.7 4.75 90) (size 2.616 1.308) (drill 0.8) (layers *.Cu *.Mask)
      (net 1 GND))
    (pad 5 thru_hole oval (at -1 4.75 90) (size 2.616 1.308) (drill 0.8) (layers *.Cu *.Mask)
      (net 1 GND))
    (pad 4 thru_hole oval (at -1 -4.75 90) (size 2.616 1.308) (drill 0.8) (layers *.Cu *.Mask)
      (net 1 GND))
    (pad 3 thru_hole oval (at 3.7 -4.75 90) (size 2.616 1.308) (drill 0.8) (layers *.Cu *.Mask)
      (net 1 GND))
    (pad 2 thru_hole oval (at -0.5 0) (size 3.8 1.9) (drill 0.8) (layers *.Cu *.Mask)
      (net 1 GND))
    (pad 1 thru_hole circle (at 5.5 0 270) (size 2.1 2.1) (drill 1.4) (layers *.Cu *.Mask)
      (net 2 +12V))
  )

  (module Capacitor_THT:CP_Radial_D8.0mm_P3.50mm (layer F.Cu) (tedit 5AE50EF0) (tstamp 5E6501B0)
    (at 70.199 80.977 180)
    (descr "CP, Radial series, Radial, pin pitch=3.50mm, , diameter=8mm, Electrolytic Capacitor")
    (tags "CP Radial series Radial pin pitch 3.50mm  diameter 8mm Electrolytic Capacitor")
    (path /5E68BD2A/5E62B06C)
    (fp_text reference C9 (at -3.7 0) (layer F.SilkS)
      (effects (font (size 1 1) (thickness 0.15)))
    )
    (fp_text value 100uF (at 1.75 5.25) (layer F.Fab)
      (effects (font (size 1 1) (thickness 0.15)))
    )
    (fp_circle (center 1.75 0) (end 5.75 0) (layer F.Fab) (width 0.1))
    (fp_circle (center 1.75 0) (end 5.87 0) (layer F.SilkS) (width 0.12))
    (fp_circle (center 1.75 0) (end 6 0) (layer F.CrtYd) (width 0.05))
    (fp_line (start -1.676759 -1.7475) (end -0.876759 -1.7475) (layer F.Fab) (width 0.1))
    (fp_line (start -1.276759 -2.1475) (end -1.276759 -1.3475) (layer F.Fab) (width 0.1))
    (fp_line (start 1.75 -4.08) (end 1.75 4.08) (layer F.SilkS) (width 0.12))
    (fp_line (start 1.79 -4.08) (end 1.79 4.08) (layer F.SilkS) (width 0.12))
    (fp_line (start 1.83 -4.08) (end 1.83 4.08) (layer F.SilkS) (width 0.12))
    (fp_line (start 1.87 -4.079) (end 1.87 4.079) (layer F.SilkS) (width 0.12))
    (fp_line (start 1.91 -4.077) (end 1.91 4.077) (layer F.SilkS) (width 0.12))
    (fp_line (start 1.95 -4.076) (end 1.95 4.076) (layer F.SilkS) (width 0.12))
    (fp_line (start 1.99 -4.074) (end 1.99 4.074) (layer F.SilkS) (width 0.12))
    (fp_line (start 2.03 -4.071) (end 2.03 4.071) (layer F.SilkS) (width 0.12))
    (fp_line (start 2.07 -4.068) (end 2.07 4.068) (layer F.SilkS) (width 0.12))
    (fp_line (start 2.11 -4.065) (end 2.11 4.065) (layer F.SilkS) (width 0.12))
    (fp_line (start 2.15 -4.061) (end 2.15 4.061) (layer F.SilkS) (width 0.12))
    (fp_line (start 2.19 -4.057) (end 2.19 4.057) (layer F.SilkS) (width 0.12))
    (fp_line (start 2.23 -4.052) (end 2.23 4.052) (layer F.SilkS) (width 0.12))
    (fp_line (start 2.27 -4.048) (end 2.27 4.048) (layer F.SilkS) (width 0.12))
    (fp_line (start 2.31 -4.042) (end 2.31 4.042) (layer F.SilkS) (width 0.12))
    (fp_line (start 2.35 -4.037) (end 2.35 4.037) (layer F.SilkS) (width 0.12))
    (fp_line (start 2.39 -4.03) (end 2.39 4.03) (layer F.SilkS) (width 0.12))
    (fp_line (start 2.43 -4.024) (end 2.43 4.024) (layer F.SilkS) (width 0.12))
    (fp_line (start 2.471 -4.017) (end 2.471 -1.04) (layer F.SilkS) (width 0.12))
    (fp_line (start 2.471 1.04) (end 2.471 4.017) (layer F.SilkS) (width 0.12))
    (fp_line (start 2.511 -4.01) (end 2.511 -1.04) (layer F.SilkS) (width 0.12))
    (fp_line (start 2.511 1.04) (end 2.511 4.01) (layer F.SilkS) (width 0.12))
    (fp_line (start 2.551 -4.002) (end 2.551 -1.04) (layer F.SilkS) (width 0.12))
    (fp_line (start 2.551 1.04) (end 2.551 4.002) (layer F.SilkS) (width 0.12))
    (fp_line (start 2.591 -3.994) (end 2.591 -1.04) (layer F.SilkS) (width 0.12))
    (fp_line (start 2.591 1.04) (end 2.591 3.994) (layer F.SilkS) (width 0.12))
    (fp_line (start 2.631 -3.985) (end 2.631 -1.04) (layer F.SilkS) (width 0.12))
    (fp_line (start 2.631 1.04) (end 2.631 3.985) (layer F.SilkS) (width 0.12))
    (fp_line (start 2.671 -3.976) (end 2.671 -1.04) (layer F.SilkS) (width 0.12))
    (fp_line (start 2.671 1.04) (end 2.671 3.976) (layer F.SilkS) (width 0.12))
    (fp_line (start 2.711 -3.967) (end 2.711 -1.04) (layer F.SilkS) (width 0.12))
    (fp_line (start 2.711 1.04) (end 2.711 3.967) (layer F.SilkS) (width 0.12))
    (fp_line (start 2.751 -3.957) (end 2.751 -1.04) (layer F.SilkS) (width 0.12))
    (fp_line (start 2.751 1.04) (end 2.751 3.957) (layer F.SilkS) (width 0.12))
    (fp_line (start 2.791 -3.947) (end 2.791 -1.04) (layer F.SilkS) (width 0.12))
    (fp_line (start 2.791 1.04) (end 2.791 3.947) (layer F.SilkS) (width 0.12))
    (fp_line (start 2.831 -3.936) (end 2.831 -1.04) (layer F.SilkS) (width 0.12))
    (fp_line (start 2.831 1.04) (end 2.831 3.936) (layer F.SilkS) (width 0.12))
    (fp_line (start 2.871 -3.925) (end 2.871 -1.04) (layer F.SilkS) (width 0.12))
    (fp_line (start 2.871 1.04) (end 2.871 3.925) (layer F.SilkS) (width 0.12))
    (fp_line (start 2.911 -3.914) (end 2.911 -1.04) (layer F.SilkS) (width 0.12))
    (fp_line (start 2.911 1.04) (end 2.911 3.914) (layer F.SilkS) (width 0.12))
    (fp_line (start 2.951 -3.902) (end 2.951 -1.04) (layer F.SilkS) (width 0.12))
    (fp_line (start 2.951 1.04) (end 2.951 3.902) (layer F.SilkS) (width 0.12))
    (fp_line (start 2.991 -3.889) (end 2.991 -1.04) (layer F.SilkS) (width 0.12))
    (fp_line (start 2.991 1.04) (end 2.991 3.889) (layer F.SilkS) (width 0.12))
    (fp_line (start 3.031 -3.877) (end 3.031 -1.04) (layer F.SilkS) (width 0.12))
    (fp_line (start 3.031 1.04) (end 3.031 3.877) (layer F.SilkS) (width 0.12))
    (fp_line (start 3.071 -3.863) (end 3.071 -1.04) (layer F.SilkS) (width 0.12))
    (fp_line (start 3.071 1.04) (end 3.071 3.863) (layer F.SilkS) (width 0.12))
    (fp_line (start 3.111 -3.85) (end 3.111 -1.04) (layer F.SilkS) (width 0.12))
    (fp_line (start 3.111 1.04) (end 3.111 3.85) (layer F.SilkS) (width 0.12))
    (fp_line (start 3.151 -3.835) (end 3.151 -1.04) (layer F.SilkS) (width 0.12))
    (fp_line (start 3.151 1.04) (end 3.151 3.835) (layer F.SilkS) (width 0.12))
    (fp_line (start 3.191 -3.821) (end 3.191 -1.04) (layer F.SilkS) (width 0.12))
    (fp_line (start 3.191 1.04) (end 3.191 3.821) (layer F.SilkS) (width 0.12))
    (fp_line (start 3.231 -3.805) (end 3.231 -1.04) (layer F.SilkS) (width 0.12))
    (fp_line (start 3.231 1.04) (end 3.231 3.805) (layer F.SilkS) (width 0.12))
    (fp_line (start 3.271 -3.79) (end 3.271 -1.04) (layer F.SilkS) (width 0.12))
    (fp_line (start 3.271 1.04) (end 3.271 3.79) (layer F.SilkS) (width 0.12))
    (fp_line (start 3.311 -3.774) (end 3.311 -1.04) (layer F.SilkS) (width 0.12))
    (fp_line (start 3.311 1.04) (end 3.311 3.774) (layer F.SilkS) (width 0.12))
    (fp_line (start 3.351 -3.757) (end 3.351 -1.04) (layer F.SilkS) (width 0.12))
    (fp_line (start 3.351 1.04) (end 3.351 3.757) (layer F.SilkS) (width 0.12))
    (fp_line (start 3.391 -3.74) (end 3.391 -1.04) (layer F.SilkS) (width 0.12))
    (fp_line (start 3.391 1.04) (end 3.391 3.74) (layer F.SilkS) (width 0.12))
    (fp_line (start 3.431 -3.722) (end 3.431 -1.04) (layer F.SilkS) (width 0.12))
    (fp_line (start 3.431 1.04) (end 3.431 3.722) (layer F.SilkS) (width 0.12))
    (fp_line (start 3.471 -3.704) (end 3.471 -1.04) (layer F.SilkS) (width 0.12))
    (fp_line (start 3.471 1.04) (end 3.471 3.704) (layer F.SilkS) (width 0.12))
    (fp_line (start 3.511 -3.686) (end 3.511 -1.04) (layer F.SilkS) (width 0.12))
    (fp_line (start 3.511 1.04) (end 3.511 3.686) (layer F.SilkS) (width 0.12))
    (fp_line (start 3.551 -3.666) (end 3.551 -1.04) (layer F.SilkS) (width 0.12))
    (fp_line (start 3.551 1.04) (end 3.551 3.666) (layer F.SilkS) (width 0.12))
    (fp_line (start 3.591 -3.647) (end 3.591 -1.04) (layer F.SilkS) (width 0.12))
    (fp_line (start 3.591 1.04) (end 3.591 3.647) (layer F.SilkS) (width 0.12))
    (fp_line (start 3.631 -3.627) (end 3.631 -1.04) (layer F.SilkS) (width 0.12))
    (fp_line (start 3.631 1.04) (end 3.631 3.627) (layer F.SilkS) (width 0.12))
    (fp_line (start 3.671 -3.606) (end 3.671 -1.04) (layer F.SilkS) (width 0.12))
    (fp_line (start 3.671 1.04) (end 3.671 3.606) (layer F.SilkS) (width 0.12))
    (fp_line (start 3.711 -3.584) (end 3.711 -1.04) (layer F.SilkS) (width 0.12))
    (fp_line (start 3.711 1.04) (end 3.711 3.584) (layer F.SilkS) (width 0.12))
    (fp_line (start 3.751 -3.562) (end 3.751 -1.04) (layer F.SilkS) (width 0.12))
    (fp_line (start 3.751 1.04) (end 3.751 3.562) (layer F.SilkS) (width 0.12))
    (fp_line (start 3.791 -3.54) (end 3.791 -1.04) (layer F.SilkS) (width 0.12))
    (fp_line (start 3.791 1.04) (end 3.791 3.54) (layer F.SilkS) (width 0.12))
    (fp_line (start 3.831 -3.517) (end 3.831 -1.04) (layer F.SilkS) (width 0.12))
    (fp_line (start 3.831 1.04) (end 3.831 3.517) (layer F.SilkS) (width 0.12))
    (fp_line (start 3.871 -3.493) (end 3.871 -1.04) (layer F.SilkS) (width 0.12))
    (fp_line (start 3.871 1.04) (end 3.871 3.493) (layer F.SilkS) (width 0.12))
    (fp_line (start 3.911 -3.469) (end 3.911 -1.04) (layer F.SilkS) (width 0.12))
    (fp_line (start 3.911 1.04) (end 3.911 3.469) (layer F.SilkS) (width 0.12))
    (fp_line (start 3.951 -3.444) (end 3.951 -1.04) (layer F.SilkS) (width 0.12))
    (fp_line (start 3.951 1.04) (end 3.951 3.444) (layer F.SilkS) (width 0.12))
    (fp_line (start 3.991 -3.418) (end 3.991 -1.04) (layer F.SilkS) (width 0.12))
    (fp_line (start 3.991 1.04) (end 3.991 3.418) (layer F.SilkS) (width 0.12))
    (fp_line (start 4.031 -3.392) (end 4.031 -1.04) (layer F.SilkS) (width 0.12))
    (fp_line (start 4.031 1.04) (end 4.031 3.392) (layer F.SilkS) (width 0.12))
    (fp_line (start 4.071 -3.365) (end 4.071 -1.04) (layer F.SilkS) (width 0.12))
    (fp_line (start 4.071 1.04) (end 4.071 3.365) (layer F.SilkS) (width 0.12))
    (fp_line (start 4.111 -3.338) (end 4.111 -1.04) (layer F.SilkS) (width 0.12))
    (fp_line (start 4.111 1.04) (end 4.111 3.338) (layer F.SilkS) (width 0.12))
    (fp_line (start 4.151 -3.309) (end 4.151 -1.04) (layer F.SilkS) (width 0.12))
    (fp_line (start 4.151 1.04) (end 4.151 3.309) (layer F.SilkS) (width 0.12))
    (fp_line (start 4.191 -3.28) (end 4.191 -1.04) (layer F.SilkS) (width 0.12))
    (fp_line (start 4.191 1.04) (end 4.191 3.28) (layer F.SilkS) (width 0.12))
    (fp_line (start 4.231 -3.25) (end 4.231 -1.04) (layer F.SilkS) (width 0.12))
    (fp_line (start 4.231 1.04) (end 4.231 3.25) (layer F.SilkS) (width 0.12))
    (fp_line (start 4.271 -3.22) (end 4.271 -1.04) (layer F.SilkS) (width 0.12))
    (fp_line (start 4.271 1.04) (end 4.271 3.22) (layer F.SilkS) (width 0.12))
    (fp_line (start 4.311 -3.189) (end 4.311 -1.04) (layer F.SilkS) (width 0.12))
    (fp_line (start 4.311 1.04) (end 4.311 3.189) (layer F.SilkS) (width 0.12))
    (fp_line (start 4.351 -3.156) (end 4.351 -1.04) (layer F.SilkS) (width 0.12))
    (fp_line (start 4.351 1.04) (end 4.351 3.156) (layer F.SilkS) (width 0.12))
    (fp_line (start 4.391 -3.124) (end 4.391 -1.04) (layer F.SilkS) (width 0.12))
    (fp_line (start 4.391 1.04) (end 4.391 3.124) (layer F.SilkS) (width 0.12))
    (fp_line (start 4.431 -3.09) (end 4.431 -1.04) (layer F.SilkS) (width 0.12))
    (fp_line (start 4.431 1.04) (end 4.431 3.09) (layer F.SilkS) (width 0.12))
    (fp_line (start 4.471 -3.055) (end 4.471 -1.04) (layer F.SilkS) (width 0.12))
    (fp_line (start 4.471 1.04) (end 4.471 3.055) (layer F.SilkS) (width 0.12))
    (fp_line (start 4.511 -3.019) (end 4.511 -1.04) (layer F.SilkS) (width 0.12))
    (fp_line (start 4.511 1.04) (end 4.511 3.019) (layer F.SilkS) (width 0.12))
    (fp_line (start 4.551 -2.983) (end 4.551 2.983) (layer F.SilkS) (width 0.12))
    (fp_line (start 4.591 -2.945) (end 4.591 2.945) (layer F.SilkS) (width 0.12))
    (fp_line (start 4.631 -2.907) (end 4.631 2.907) (layer F.SilkS) (width 0.12))
    (fp_line (start 4.671 -2.867) (end 4.671 2.867) (layer F.SilkS) (width 0.12))
    (fp_line (start 4.711 -2.826) (end 4.711 2.826) (layer F.SilkS) (width 0.12))
    (fp_line (start 4.751 -2.784) (end 4.751 2.784) (layer F.SilkS) (width 0.12))
    (fp_line (start 4.791 -2.741) (end 4.791 2.741) (layer F.SilkS) (width 0.12))
    (fp_line (start 4.831 -2.697) (end 4.831 2.697) (layer F.SilkS) (width 0.12))
    (fp_line (start 4.871 -2.651) (end 4.871 2.651) (layer F.SilkS) (width 0.12))
    (fp_line (start 4.911 -2.604) (end 4.911 2.604) (layer F.SilkS) (width 0.12))
    (fp_line (start 4.951 -2.556) (end 4.951 2.556) (layer F.SilkS) (width 0.12))
    (fp_line (start 4.991 -2.505) (end 4.991 2.505) (layer F.SilkS) (width 0.12))
    (fp_line (start 5.031 -2.454) (end 5.031 2.454) (layer F.SilkS) (width 0.12))
    (fp_line (start 5.071 -2.4) (end 5.071 2.4) (layer F.SilkS) (width 0.12))
    (fp_line (start 5.111 -2.345) (end 5.111 2.345) (layer F.SilkS) (width 0.12))
    (fp_line (start 5.151 -2.287) (end 5.151 2.287) (layer F.SilkS) (width 0.12))
    (fp_line (start 5.191 -2.228) (end 5.191 2.228) (layer F.SilkS) (width 0.12))
    (fp_line (start 5.231 -2.166) (end 5.231 2.166) (layer F.SilkS) (width 0.12))
    (fp_line (start 5.271 -2.102) (end 5.271 2.102) (layer F.SilkS) (width 0.12))
    (fp_line (start 5.311 -2.034) (end 5.311 2.034) (layer F.SilkS) (width 0.12))
    (fp_line (start 5.351 -1.964) (end 5.351 1.964) (layer F.SilkS) (width 0.12))
    (fp_line (start 5.391 -1.89) (end 5.391 1.89) (layer F.SilkS) (width 0.12))
    (fp_line (start 5.431 -1.813) (end 5.431 1.813) (layer F.SilkS) (width 0.12))
    (fp_line (start 5.471 -1.731) (end 5.471 1.731) (layer F.SilkS) (width 0.12))
    (fp_line (start 5.511 -1.645) (end 5.511 1.645) (layer F.SilkS) (width 0.12))
    (fp_line (start 5.551 -1.552) (end 5.551 1.552) (layer F.SilkS) (width 0.12))
    (fp_line (start 5.591 -1.453) (end 5.591 1.453) (layer F.SilkS) (width 0.12))
    (fp_line (start 5.631 -1.346) (end 5.631 1.346) (layer F.SilkS) (width 0.12))
    (fp_line (start 5.671 -1.229) (end 5.671 1.229) (layer F.SilkS) (width 0.12))
    (fp_line (start 5.711 -1.098) (end 5.711 1.098) (layer F.SilkS) (width 0.12))
    (fp_line (start 5.751 -0.948) (end 5.751 0.948) (layer F.SilkS) (width 0.12))
    (fp_line (start 5.791 -0.768) (end 5.791 0.768) (layer F.SilkS) (width 0.12))
    (fp_line (start 5.831 -0.533) (end 5.831 0.533) (layer F.SilkS) (width 0.12))
    (fp_line (start -2.659698 -2.315) (end -1.859698 -2.315) (layer F.SilkS) (width 0.12))
    (fp_line (start -2.259698 -2.715) (end -2.259698 -1.915) (layer F.SilkS) (width 0.12))
    (fp_text user %R (at 1.75 0) (layer F.Fab)
      (effects (font (size 1 1) (thickness 0.15)))
    )
    (pad 1 thru_hole rect (at 0 0 180) (size 1.6 1.6) (drill 0.8) (layers *.Cu *.Mask)
      (net 2 +12V))
    (pad 2 thru_hole circle (at 3.5 0 180) (size 1.6 1.6) (drill 0.8) (layers *.Cu *.Mask)
      (net 1 GND))
    (model ${KISYS3DMOD}/Capacitor_THT.3dshapes/CP_Radial_D8.0mm_P3.50mm.wrl
      (at (xyz 0 0 0))
      (scale (xyz 1 1 1))
      (rotate (xyz 0 0 0))
    )
  )

  (module Capacitor_SMD:C_0805_2012Metric_Pad1.15x1.40mm_HandSolder (layer F.Cu) (tedit 5B36C52B) (tstamp 5E6501C1)
    (at 60.599 97.977 180)
    (descr "Capacitor SMD 0805 (2012 Metric), square (rectangular) end terminal, IPC_7351 nominal with elongated pad for handsoldering. (Body size source: https://docs.google.com/spreadsheets/d/1BsfQQcO9C6DZCsRaXUlFlo91Tg2WpOkGARC1WS5S8t0/edit?usp=sharing), generated with kicad-footprint-generator")
    (tags "capacitor handsolder")
    (path /5E68BD2A/5E670BEC)
    (attr smd)
    (fp_text reference C10 (at 0 -1.65) (layer F.SilkS)
      (effects (font (size 1 1) (thickness 0.15)))
    )
    (fp_text value <33nF (at 0 1.65) (layer F.Fab)
      (effects (font (size 1 1) (thickness 0.15)))
    )
    (fp_text user %R (at 0 0) (layer F.Fab)
      (effects (font (size 0.5 0.5) (thickness 0.08)))
    )
    (fp_line (start 1.85 0.95) (end -1.85 0.95) (layer F.CrtYd) (width 0.05))
    (fp_line (start 1.85 -0.95) (end 1.85 0.95) (layer F.CrtYd) (width 0.05))
    (fp_line (start -1.85 -0.95) (end 1.85 -0.95) (layer F.CrtYd) (width 0.05))
    (fp_line (start -1.85 0.95) (end -1.85 -0.95) (layer F.CrtYd) (width 0.05))
    (fp_line (start -0.261252 0.71) (end 0.261252 0.71) (layer F.SilkS) (width 0.12))
    (fp_line (start -0.261252 -0.71) (end 0.261252 -0.71) (layer F.SilkS) (width 0.12))
    (fp_line (start 1 0.6) (end -1 0.6) (layer F.Fab) (width 0.1))
    (fp_line (start 1 -0.6) (end 1 0.6) (layer F.Fab) (width 0.1))
    (fp_line (start -1 -0.6) (end 1 -0.6) (layer F.Fab) (width 0.1))
    (fp_line (start -1 0.6) (end -1 -0.6) (layer F.Fab) (width 0.1))
    (pad 2 smd roundrect (at 1.025 0 180) (size 1.15 1.4) (layers F.Cu F.Paste F.Mask) (roundrect_rratio 0.217391)
      (net 11 M1OUT2))
    (pad 1 smd roundrect (at -1.025 0 180) (size 1.15 1.4) (layers F.Cu F.Paste F.Mask) (roundrect_rratio 0.217391)
      (net 1 GND))
    (model ${KISYS3DMOD}/Capacitor_SMD.3dshapes/C_0805_2012Metric.wrl
      (at (xyz 0 0 0))
      (scale (xyz 1 1 1))
      (rotate (xyz 0 0 0))
    )
  )

  (module Capacitor_SMD:C_0805_2012Metric_Pad1.15x1.40mm_HandSolder (layer F.Cu) (tedit 5B36C52B) (tstamp 5E6501D2)
    (at 61.019 124.387 180)
    (descr "Capacitor SMD 0805 (2012 Metric), square (rectangular) end terminal, IPC_7351 nominal with elongated pad for handsoldering. (Body size source: https://docs.google.com/spreadsheets/d/1BsfQQcO9C6DZCsRaXUlFlo91Tg2WpOkGARC1WS5S8t0/edit?usp=sharing), generated with kicad-footprint-generator")
    (tags "capacitor handsolder")
    (path /5E68BD2A/5E67A670)
    (attr smd)
    (fp_text reference C11 (at 0 -1.65) (layer F.SilkS)
      (effects (font (size 1 1) (thickness 0.15)))
    )
    (fp_text value <33nF (at 0 1.65) (layer F.Fab)
      (effects (font (size 1 1) (thickness 0.15)))
    )
    (fp_text user %R (at 0 0) (layer F.Fab)
      (effects (font (size 0.5 0.5) (thickness 0.08)))
    )
    (fp_line (start 1.85 0.95) (end -1.85 0.95) (layer F.CrtYd) (width 0.05))
    (fp_line (start 1.85 -0.95) (end 1.85 0.95) (layer F.CrtYd) (width 0.05))
    (fp_line (start -1.85 -0.95) (end 1.85 -0.95) (layer F.CrtYd) (width 0.05))
    (fp_line (start -1.85 0.95) (end -1.85 -0.95) (layer F.CrtYd) (width 0.05))
    (fp_line (start -0.261252 0.71) (end 0.261252 0.71) (layer F.SilkS) (width 0.12))
    (fp_line (start -0.261252 -0.71) (end 0.261252 -0.71) (layer F.SilkS) (width 0.12))
    (fp_line (start 1 0.6) (end -1 0.6) (layer F.Fab) (width 0.1))
    (fp_line (start 1 -0.6) (end 1 0.6) (layer F.Fab) (width 0.1))
    (fp_line (start -1 -0.6) (end 1 -0.6) (layer F.Fab) (width 0.1))
    (fp_line (start -1 0.6) (end -1 -0.6) (layer F.Fab) (width 0.1))
    (pad 2 smd roundrect (at 1.025 0 180) (size 1.15 1.4) (layers F.Cu F.Paste F.Mask) (roundrect_rratio 0.217391)
      (net 12 M2OUT2))
    (pad 1 smd roundrect (at -1.025 0 180) (size 1.15 1.4) (layers F.Cu F.Paste F.Mask) (roundrect_rratio 0.217391)
      (net 1 GND))
    (model ${KISYS3DMOD}/Capacitor_SMD.3dshapes/C_0805_2012Metric.wrl
      (at (xyz 0 0 0))
      (scale (xyz 1 1 1))
      (rotate (xyz 0 0 0))
    )
  )

  (module Capacitor_SMD:C_0805_2012Metric_Pad1.15x1.40mm_HandSolder (layer F.Cu) (tedit 5B36C52B) (tstamp 5E653D2F)
    (at 136.769 105.597)
    (descr "Capacitor SMD 0805 (2012 Metric), square (rectangular) end terminal, IPC_7351 nominal with elongated pad for handsoldering. (Body size source: https://docs.google.com/spreadsheets/d/1BsfQQcO9C6DZCsRaXUlFlo91Tg2WpOkGARC1WS5S8t0/edit?usp=sharing), generated with kicad-footprint-generator")
    (tags "capacitor handsolder")
    (path /5E68BD2A/5E67BA64)
    (attr smd)
    (fp_text reference C12 (at 0 -1.65) (layer F.SilkS)
      (effects (font (size 1 1) (thickness 0.15)))
    )
    (fp_text value <33nF (at 0 1.65) (layer F.Fab)
      (effects (font (size 1 1) (thickness 0.15)))
    )
    (fp_text user %R (at 0 0) (layer F.Fab)
      (effects (font (size 0.5 0.5) (thickness 0.08)))
    )
    (fp_line (start 1.85 0.95) (end -1.85 0.95) (layer F.CrtYd) (width 0.05))
    (fp_line (start 1.85 -0.95) (end 1.85 0.95) (layer F.CrtYd) (width 0.05))
    (fp_line (start -1.85 -0.95) (end 1.85 -0.95) (layer F.CrtYd) (width 0.05))
    (fp_line (start -1.85 0.95) (end -1.85 -0.95) (layer F.CrtYd) (width 0.05))
    (fp_line (start -0.261252 0.71) (end 0.261252 0.71) (layer F.SilkS) (width 0.12))
    (fp_line (start -0.261252 -0.71) (end 0.261252 -0.71) (layer F.SilkS) (width 0.12))
    (fp_line (start 1 0.6) (end -1 0.6) (layer F.Fab) (width 0.1))
    (fp_line (start 1 -0.6) (end 1 0.6) (layer F.Fab) (width 0.1))
    (fp_line (start -1 -0.6) (end 1 -0.6) (layer F.Fab) (width 0.1))
    (fp_line (start -1 0.6) (end -1 -0.6) (layer F.Fab) (width 0.1))
    (pad 2 smd roundrect (at 1.025 0) (size 1.15 1.4) (layers F.Cu F.Paste F.Mask) (roundrect_rratio 0.217391)
      (net 13 M3OUT2))
    (pad 1 smd roundrect (at -1.025 0) (size 1.15 1.4) (layers F.Cu F.Paste F.Mask) (roundrect_rratio 0.217391)
      (net 1 GND))
    (model ${KISYS3DMOD}/Capacitor_SMD.3dshapes/C_0805_2012Metric.wrl
      (at (xyz 0 0 0))
      (scale (xyz 1 1 1))
      (rotate (xyz 0 0 0))
    )
  )

  (module Capacitor_SMD:C_0805_2012Metric_Pad1.15x1.40mm_HandSolder (layer F.Cu) (tedit 5B36C52B) (tstamp 5E6501F4)
    (at 136.879 75.147)
    (descr "Capacitor SMD 0805 (2012 Metric), square (rectangular) end terminal, IPC_7351 nominal with elongated pad for handsoldering. (Body size source: https://docs.google.com/spreadsheets/d/1BsfQQcO9C6DZCsRaXUlFlo91Tg2WpOkGARC1WS5S8t0/edit?usp=sharing), generated with kicad-footprint-generator")
    (tags "capacitor handsolder")
    (path /5E68BD2A/5E67D006)
    (attr smd)
    (fp_text reference C13 (at 0 -1.65) (layer F.SilkS)
      (effects (font (size 1 1) (thickness 0.15)))
    )
    (fp_text value <33nF (at 0 1.65) (layer F.Fab)
      (effects (font (size 1 1) (thickness 0.15)))
    )
    (fp_line (start -1 0.6) (end -1 -0.6) (layer F.Fab) (width 0.1))
    (fp_line (start -1 -0.6) (end 1 -0.6) (layer F.Fab) (width 0.1))
    (fp_line (start 1 -0.6) (end 1 0.6) (layer F.Fab) (width 0.1))
    (fp_line (start 1 0.6) (end -1 0.6) (layer F.Fab) (width 0.1))
    (fp_line (start -0.261252 -0.71) (end 0.261252 -0.71) (layer F.SilkS) (width 0.12))
    (fp_line (start -0.261252 0.71) (end 0.261252 0.71) (layer F.SilkS) (width 0.12))
    (fp_line (start -1.85 0.95) (end -1.85 -0.95) (layer F.CrtYd) (width 0.05))
    (fp_line (start -1.85 -0.95) (end 1.85 -0.95) (layer F.CrtYd) (width 0.05))
    (fp_line (start 1.85 -0.95) (end 1.85 0.95) (layer F.CrtYd) (width 0.05))
    (fp_line (start 1.85 0.95) (end -1.85 0.95) (layer F.CrtYd) (width 0.05))
    (fp_text user %R (at 0 0) (layer F.Fab)
      (effects (font (size 0.5 0.5) (thickness 0.08)))
    )
    (pad 1 smd roundrect (at -1.025 0) (size 1.15 1.4) (layers F.Cu F.Paste F.Mask) (roundrect_rratio 0.217391)
      (net 1 GND))
    (pad 2 smd roundrect (at 1.025 0) (size 1.15 1.4) (layers F.Cu F.Paste F.Mask) (roundrect_rratio 0.217391)
      (net 18 M4OUT2))
    (model ${KISYS3DMOD}/Capacitor_SMD.3dshapes/C_0805_2012Metric.wrl
      (at (xyz 0 0 0))
      (scale (xyz 1 1 1))
      (rotate (xyz 0 0 0))
    )
  )

  (module Capacitor_SMD:C_0805_2012Metric_Pad1.15x1.40mm_HandSolder (layer F.Cu) (tedit 5B36C52B) (tstamp 5E650205)
    (at 68.599 86.377 180)
    (descr "Capacitor SMD 0805 (2012 Metric), square (rectangular) end terminal, IPC_7351 nominal with elongated pad for handsoldering. (Body size source: https://docs.google.com/spreadsheets/d/1BsfQQcO9C6DZCsRaXUlFlo91Tg2WpOkGARC1WS5S8t0/edit?usp=sharing), generated with kicad-footprint-generator")
    (tags "capacitor handsolder")
    (path /5E68BD2A/5E62B72F)
    (attr smd)
    (fp_text reference C14 (at -3.2 0) (layer F.SilkS)
      (effects (font (size 1 1) (thickness 0.15)))
    )
    (fp_text value 100nF (at 0 1.65) (layer F.Fab)
      (effects (font (size 1 1) (thickness 0.15)))
    )
    (fp_line (start -1 0.6) (end -1 -0.6) (layer F.Fab) (width 0.1))
    (fp_line (start -1 -0.6) (end 1 -0.6) (layer F.Fab) (width 0.1))
    (fp_line (start 1 -0.6) (end 1 0.6) (layer F.Fab) (width 0.1))
    (fp_line (start 1 0.6) (end -1 0.6) (layer F.Fab) (width 0.1))
    (fp_line (start -0.261252 -0.71) (end 0.261252 -0.71) (layer F.SilkS) (width 0.12))
    (fp_line (start -0.261252 0.71) (end 0.261252 0.71) (layer F.SilkS) (width 0.12))
    (fp_line (start -1.85 0.95) (end -1.85 -0.95) (layer F.CrtYd) (width 0.05))
    (fp_line (start -1.85 -0.95) (end 1.85 -0.95) (layer F.CrtYd) (width 0.05))
    (fp_line (start 1.85 -0.95) (end 1.85 0.95) (layer F.CrtYd) (width 0.05))
    (fp_line (start 1.85 0.95) (end -1.85 0.95) (layer F.CrtYd) (width 0.05))
    (fp_text user %R (at 0 0) (layer F.Fab)
      (effects (font (size 0.5 0.5) (thickness 0.08)))
    )
    (pad 1 smd roundrect (at -1.025 0 180) (size 1.15 1.4) (layers F.Cu F.Paste F.Mask) (roundrect_rratio 0.217391)
      (net 2 +12V))
    (pad 2 smd roundrect (at 1.025 0 180) (size 1.15 1.4) (layers F.Cu F.Paste F.Mask) (roundrect_rratio 0.217391)
      (net 1 GND))
    (model ${KISYS3DMOD}/Capacitor_SMD.3dshapes/C_0805_2012Metric.wrl
      (at (xyz 0 0 0))
      (scale (xyz 1 1 1))
      (rotate (xyz 0 0 0))
    )
  )

  (module Capacitor_SMD:C_0805_2012Metric_Pad1.15x1.40mm_HandSolder (layer F.Cu) (tedit 5B36C52B) (tstamp 5E650216)
    (at 60.699 89.577 180)
    (descr "Capacitor SMD 0805 (2012 Metric), square (rectangular) end terminal, IPC_7351 nominal with elongated pad for handsoldering. (Body size source: https://docs.google.com/spreadsheets/d/1BsfQQcO9C6DZCsRaXUlFlo91Tg2WpOkGARC1WS5S8t0/edit?usp=sharing), generated with kicad-footprint-generator")
    (tags "capacitor handsolder")
    (path /5E68BD2A/5E66A890)
    (attr smd)
    (fp_text reference C15 (at 0 -1.65) (layer F.SilkS)
      (effects (font (size 1 1) (thickness 0.15)))
    )
    (fp_text value <33nF (at 0 1.65) (layer F.Fab)
      (effects (font (size 1 1) (thickness 0.15)))
    )
    (fp_line (start -1 0.6) (end -1 -0.6) (layer F.Fab) (width 0.1))
    (fp_line (start -1 -0.6) (end 1 -0.6) (layer F.Fab) (width 0.1))
    (fp_line (start 1 -0.6) (end 1 0.6) (layer F.Fab) (width 0.1))
    (fp_line (start 1 0.6) (end -1 0.6) (layer F.Fab) (width 0.1))
    (fp_line (start -0.261252 -0.71) (end 0.261252 -0.71) (layer F.SilkS) (width 0.12))
    (fp_line (start -0.261252 0.71) (end 0.261252 0.71) (layer F.SilkS) (width 0.12))
    (fp_line (start -1.85 0.95) (end -1.85 -0.95) (layer F.CrtYd) (width 0.05))
    (fp_line (start -1.85 -0.95) (end 1.85 -0.95) (layer F.CrtYd) (width 0.05))
    (fp_line (start 1.85 -0.95) (end 1.85 0.95) (layer F.CrtYd) (width 0.05))
    (fp_line (start 1.85 0.95) (end -1.85 0.95) (layer F.CrtYd) (width 0.05))
    (fp_text user %R (at 0 0) (layer F.Fab)
      (effects (font (size 0.5 0.5) (thickness 0.08)))
    )
    (pad 1 smd roundrect (at -1.025 0 180) (size 1.15 1.4) (layers F.Cu F.Paste F.Mask) (roundrect_rratio 0.217391)
      (net 1 GND))
    (pad 2 smd roundrect (at 1.025 0 180) (size 1.15 1.4) (layers F.Cu F.Paste F.Mask) (roundrect_rratio 0.217391)
      (net 14 M1OUT1))
    (model ${KISYS3DMOD}/Capacitor_SMD.3dshapes/C_0805_2012Metric.wrl
      (at (xyz 0 0 0))
      (scale (xyz 1 1 1))
      (rotate (xyz 0 0 0))
    )
  )

  (module Capacitor_SMD:C_0805_2012Metric_Pad1.15x1.40mm_HandSolder (layer F.Cu) (tedit 5B36C52B) (tstamp 5E650227)
    (at 61.009 116.387 180)
    (descr "Capacitor SMD 0805 (2012 Metric), square (rectangular) end terminal, IPC_7351 nominal with elongated pad for handsoldering. (Body size source: https://docs.google.com/spreadsheets/d/1BsfQQcO9C6DZCsRaXUlFlo91Tg2WpOkGARC1WS5S8t0/edit?usp=sharing), generated with kicad-footprint-generator")
    (tags "capacitor handsolder")
    (path /5E68BD2A/5E67A66A)
    (attr smd)
    (fp_text reference C16 (at 0 -1.65) (layer F.SilkS)
      (effects (font (size 1 1) (thickness 0.15)))
    )
    (fp_text value <33nF (at 0 1.65) (layer F.Fab)
      (effects (font (size 1 1) (thickness 0.15)))
    )
    (fp_line (start -1 0.6) (end -1 -0.6) (layer F.Fab) (width 0.1))
    (fp_line (start -1 -0.6) (end 1 -0.6) (layer F.Fab) (width 0.1))
    (fp_line (start 1 -0.6) (end 1 0.6) (layer F.Fab) (width 0.1))
    (fp_line (start 1 0.6) (end -1 0.6) (layer F.Fab) (width 0.1))
    (fp_line (start -0.261252 -0.71) (end 0.261252 -0.71) (layer F.SilkS) (width 0.12))
    (fp_line (start -0.261252 0.71) (end 0.261252 0.71) (layer F.SilkS) (width 0.12))
    (fp_line (start -1.85 0.95) (end -1.85 -0.95) (layer F.CrtYd) (width 0.05))
    (fp_line (start -1.85 -0.95) (end 1.85 -0.95) (layer F.CrtYd) (width 0.05))
    (fp_line (start 1.85 -0.95) (end 1.85 0.95) (layer F.CrtYd) (width 0.05))
    (fp_line (start 1.85 0.95) (end -1.85 0.95) (layer F.CrtYd) (width 0.05))
    (fp_text user %R (at 0 0) (layer F.Fab)
      (effects (font (size 0.5 0.5) (thickness 0.08)))
    )
    (pad 1 smd roundrect (at -1.025 0 180) (size 1.15 1.4) (layers F.Cu F.Paste F.Mask) (roundrect_rratio 0.217391)
      (net 1 GND))
    (pad 2 smd roundrect (at 1.025 0 180) (size 1.15 1.4) (layers F.Cu F.Paste F.Mask) (roundrect_rratio 0.217391)
      (net 15 M2OUT1))
    (model ${KISYS3DMOD}/Capacitor_SMD.3dshapes/C_0805_2012Metric.wrl
      (at (xyz 0 0 0))
      (scale (xyz 1 1 1))
      (rotate (xyz 0 0 0))
    )
  )

  (module Capacitor_SMD:C_0805_2012Metric_Pad1.15x1.40mm_HandSolder (layer F.Cu) (tedit 5B36C52B) (tstamp 5E650238)
    (at 136.789 113.947)
    (descr "Capacitor SMD 0805 (2012 Metric), square (rectangular) end terminal, IPC_7351 nominal with elongated pad for handsoldering. (Body size source: https://docs.google.com/spreadsheets/d/1BsfQQcO9C6DZCsRaXUlFlo91Tg2WpOkGARC1WS5S8t0/edit?usp=sharing), generated with kicad-footprint-generator")
    (tags "capacitor handsolder")
    (path /5E68BD2A/5E67BA5E)
    (attr smd)
    (fp_text reference C17 (at 0 1.63) (layer F.SilkS)
      (effects (font (size 1 1) (thickness 0.15)))
    )
    (fp_text value <33nF (at 0 1.65) (layer F.Fab)
      (effects (font (size 1 1) (thickness 0.15)))
    )
    (fp_line (start -1 0.6) (end -1 -0.6) (layer F.Fab) (width 0.1))
    (fp_line (start -1 -0.6) (end 1 -0.6) (layer F.Fab) (width 0.1))
    (fp_line (start 1 -0.6) (end 1 0.6) (layer F.Fab) (width 0.1))
    (fp_line (start 1 0.6) (end -1 0.6) (layer F.Fab) (width 0.1))
    (fp_line (start -0.261252 -0.71) (end 0.261252 -0.71) (layer F.SilkS) (width 0.12))
    (fp_line (start -0.261252 0.71) (end 0.261252 0.71) (layer F.SilkS) (width 0.12))
    (fp_line (start -1.85 0.95) (end -1.85 -0.95) (layer F.CrtYd) (width 0.05))
    (fp_line (start -1.85 -0.95) (end 1.85 -0.95) (layer F.CrtYd) (width 0.05))
    (fp_line (start 1.85 -0.95) (end 1.85 0.95) (layer F.CrtYd) (width 0.05))
    (fp_line (start 1.85 0.95) (end -1.85 0.95) (layer F.CrtYd) (width 0.05))
    (fp_text user %R (at 0 0) (layer F.Fab)
      (effects (font (size 0.5 0.5) (thickness 0.08)))
    )
    (pad 1 smd roundrect (at -1.025 0) (size 1.15 1.4) (layers F.Cu F.Paste F.Mask) (roundrect_rratio 0.217391)
      (net 1 GND))
    (pad 2 smd roundrect (at 1.025 0) (size 1.15 1.4) (layers F.Cu F.Paste F.Mask) (roundrect_rratio 0.217391)
      (net 16 M3OUT1))
    (model ${KISYS3DMOD}/Capacitor_SMD.3dshapes/C_0805_2012Metric.wrl
      (at (xyz 0 0 0))
      (scale (xyz 1 1 1))
      (rotate (xyz 0 0 0))
    )
  )

  (module Capacitor_SMD:C_0805_2012Metric_Pad1.15x1.40mm_HandSolder (layer F.Cu) (tedit 5B36C52B) (tstamp 5E650249)
    (at 136.879 83.977)
    (descr "Capacitor SMD 0805 (2012 Metric), square (rectangular) end terminal, IPC_7351 nominal with elongated pad for handsoldering. (Body size source: https://docs.google.com/spreadsheets/d/1BsfQQcO9C6DZCsRaXUlFlo91Tg2WpOkGARC1WS5S8t0/edit?usp=sharing), generated with kicad-footprint-generator")
    (tags "capacitor handsolder")
    (path /5E68BD2A/5E67D000)
    (attr smd)
    (fp_text reference C18 (at 0.02 1.75) (layer F.SilkS)
      (effects (font (size 1 1) (thickness 0.15)))
    )
    (fp_text value <33nF (at 0 1.65) (layer F.Fab)
      (effects (font (size 1 1) (thickness 0.15)))
    )
    (fp_line (start -1 0.6) (end -1 -0.6) (layer F.Fab) (width 0.1))
    (fp_line (start -1 -0.6) (end 1 -0.6) (layer F.Fab) (width 0.1))
    (fp_line (start 1 -0.6) (end 1 0.6) (layer F.Fab) (width 0.1))
    (fp_line (start 1 0.6) (end -1 0.6) (layer F.Fab) (width 0.1))
    (fp_line (start -0.261252 -0.71) (end 0.261252 -0.71) (layer F.SilkS) (width 0.12))
    (fp_line (start -0.261252 0.71) (end 0.261252 0.71) (layer F.SilkS) (width 0.12))
    (fp_line (start -1.85 0.95) (end -1.85 -0.95) (layer F.CrtYd) (width 0.05))
    (fp_line (start -1.85 -0.95) (end 1.85 -0.95) (layer F.CrtYd) (width 0.05))
    (fp_line (start 1.85 -0.95) (end 1.85 0.95) (layer F.CrtYd) (width 0.05))
    (fp_line (start 1.85 0.95) (end -1.85 0.95) (layer F.CrtYd) (width 0.05))
    (fp_text user %R (at 0 0) (layer F.Fab)
      (effects (font (size 0.5 0.5) (thickness 0.08)))
    )
    (pad 1 smd roundrect (at -1.025 0) (size 1.15 1.4) (layers F.Cu F.Paste F.Mask) (roundrect_rratio 0.217391)
      (net 1 GND))
    (pad 2 smd roundrect (at 1.025 0) (size 1.15 1.4) (layers F.Cu F.Paste F.Mask) (roundrect_rratio 0.217391)
      (net 17 M4OUT1))
    (model ${KISYS3DMOD}/Capacitor_SMD.3dshapes/C_0805_2012Metric.wrl
      (at (xyz 0 0 0))
      (scale (xyz 1 1 1))
      (rotate (xyz 0 0 0))
    )
  )

  (module Capacitor_THT:CP_Radial_D8.0mm_P3.50mm (layer F.Cu) (tedit 5AE50EF0) (tstamp 5E6502F2)
    (at 69.549 107.577 180)
    (descr "CP, Radial series, Radial, pin pitch=3.50mm, , diameter=8mm, Electrolytic Capacitor")
    (tags "CP Radial series Radial pin pitch 3.50mm  diameter 8mm Electrolytic Capacitor")
    (path /5E68BD2A/5E651033)
    (fp_text reference C19 (at -4.08 0) (layer F.SilkS)
      (effects (font (size 1 1) (thickness 0.15)))
    )
    (fp_text value 100uF (at 1.75 5.25) (layer F.Fab)
      (effects (font (size 1 1) (thickness 0.15)))
    )
    (fp_text user %R (at 1.75 0) (layer F.Fab)
      (effects (font (size 1 1) (thickness 0.15)))
    )
    (fp_line (start -2.259698 -2.715) (end -2.259698 -1.915) (layer F.SilkS) (width 0.12))
    (fp_line (start -2.659698 -2.315) (end -1.859698 -2.315) (layer F.SilkS) (width 0.12))
    (fp_line (start 5.831 -0.533) (end 5.831 0.533) (layer F.SilkS) (width 0.12))
    (fp_line (start 5.791 -0.768) (end 5.791 0.768) (layer F.SilkS) (width 0.12))
    (fp_line (start 5.751 -0.948) (end 5.751 0.948) (layer F.SilkS) (width 0.12))
    (fp_line (start 5.711 -1.098) (end 5.711 1.098) (layer F.SilkS) (width 0.12))
